2.249034643173217773e+00
1.447781324386596680e+00
8.474703431129455566e-01
3.400297403335571289e+00
1.660465955734252930e+00
1.319330334663391113e+00
2.267367601394653320e+00
1.045456171035766602e+00
2.843930721282958984e-01
3.267847299575805664e-01
3.269273281097412109e+00
2.455180644989013672e+00
1.153265237808227539e+00
1.308473587036132812e+00
1.423798680305480957e+00
1.326358199119567871e+00
2.710248708724975586e+00
9.877103567123413086e-01
5.220736190676689148e-02
2.703302145004272461e+00
3.244826078414916992e+00
9.856857657432556152e-01
1.806691050529479980e+00
9.661591649055480957e-01
2.006430149078369141e+00
3.042942523956298828e+00
2.353975534439086914e+00
2.547739267349243164e+00
3.071208953857421875e+00
2.124174118041992188e+00
4.548745155334472656e+00
2.884748220443725586e+00
3.619937419891357422e+00
3.261586904525756836e+00
3.815794467926025391e+00
4.330572128295898438e+00
3.111305236816406250e-01
3.452568292617797852e+00
1.787722706794738770e+00
3.936764717102050781e+00
2.510344743728637695e+00
3.297793388366699219e+00
3.459542989730834961e+00
3.257747888565063477e+00
2.122385263442993164e+00
5.690047740936279297e-01
1.919535517692565918e+00
4.039088726043701172e+00
2.861611366271972656e+00
1.620218396186828613e+00
4.846466481685638428e-01
3.163477897644042969e+00
3.211218833923339844e+00
1.946002960205078125e+00
1.872196197509765625e+00
3.763508558273315430e+00
1.952935099601745605e+00
3.820919752120971680e+00
2.157594919204711914e+00
2.308560609817504883e+00
2.486168593168258667e-02
1.867019772529602051e+00
1.504415273666381836e+00
3.637419462203979492e+00
2.310678958892822266e+00
9.490026533603668213e-02
2.516472339630126953e+00
1.716570854187011719e-01
2.756528615951538086e+00
2.592943668365478516e+00
3.424673318862915039e+00
1.951594591140747070e+00
2.891487121582031250e+00
3.000649452209472656e+00
3.002969503402709961e+00
1.774839878082275391e+00
1.308099627494812012e+00
2.245471954345703125e+00
1.515727758407592773e+00
6.400426626205444336e-01
2.374547719955444336e+00
2.851242303848266602e+00
2.397668361663818359e+00
3.810667991638183594e+00
1.439960598945617676e-01
3.844569623470306396e-01
2.035578966140747070e+00
1.532200217247009277e+00
1.340046167373657227e+00
5.872755646705627441e-01
3.601481676101684570e+00
2.625364303588867188e+00
3.014591217041015625e+00
2.168588161468505859e+00
1.765968918800354004e+00
4.215590000152587891e+00
1.209182500839233398e+00
3.358686447143554688e+00
2.691693305969238281e+00
8.284272253513336182e-02
9.112200736999511719e-01
1.648770809173583984e+00
2.709085941314697266e-01
5.875448584556579590e-01
1.242852583527565002e-01
1.501864671707153320e+00
1.431244611740112305e+00
2.833449602127075195e+00
2.844251632690429688e+00
2.972271680831909180e+00
2.226559400558471680e+00
1.692283272743225098e+00
1.862469792366027832e+00
1.695912003517150879e+00
1.546538829803466797e+00
2.374739646911621094e+00
3.689601898193359375e+00
2.461621284484863281e+00
1.078402996063232422e+00
3.815537929534912109e+00
3.887823343276977539e+00
8.486960530281066895e-01
2.917774200439453125e+00
1.797829747200012207e+00
2.026242971420288086e+00
4.680278778076171875e+00
3.887062370777130127e-01
1.756919026374816895e-01
1.076144695281982422e+00
1.883488416671752930e+00
2.677878379821777344e+00
3.437672257423400879e-01
1.721356749534606934e+00
5.997148901224136353e-02
1.471735090017318726e-01
6.104976534843444824e-01
2.480176925659179688e+00
1.224879264831542969e+00
1.391755580902099609e+00
2.491438865661621094e+00
1.851292610168457031e+00
1.215523123741149902e+00
1.620716571807861328e+00
1.342174887657165527e+00
5.266837477684020996e-01
3.852089047431945801e-01
3.363370418548583984e+00
1.074049830436706543e+00
7.972227334976196289e-01
3.510178089141845703e+00
1.067209482192993164e+00
1.413859009742736816e+00
2.624690055847167969e+00
1.852880358695983887e+00
1.797636985778808594e+00
2.397985458374023438e+00
1.115191578865051270e+00
5.704185962677001953e-01
2.551098585128784180e+00
2.880369901657104492e+00
1.169398427009582520e+00
1.980007171630859375e+00
2.030830383300781250e+00
1.718385934829711914e+00
2.175531864166259766e+00
1.143003702163696289e+00
1.805678725242614746e+00
2.432910203933715820e+00
2.296849012374877930e+00
6.267675757408142090e-01
6.056401133537292480e-01
1.787082791328430176e+00
1.537643909454345703e+00
1.228517532348632812e+00
6.766933202743530273e-01
9.315504431724548340e-01
2.637180328369140625e+00
1.802366413176059723e-02
1.298188447952270508e+00
1.302910923957824707e+00
3.097289562225341797e+00
1.552988052368164062e+00
1.503310203552246094e+00
9.706025123596191406e-01
1.979974210262298584e-01
9.256591200828552246e-01
2.442668005824089050e-02
1.018337011337280273e+00
2.861497402191162109e+00
9.290947914123535156e-01
1.547511577606201172e+00
5.917840003967285156e-01
4.306735396385192871e-01
1.189116477966308594e+00
1.736304044723510742e+00
1.929528474807739258e+00
2.348490476608276367e+00
1.716641426086425781e+00
2.548590421676635742e+00
3.798864781856536865e-01
2.348470687866210938e+00
5.657861232757568359e-01
7.025197148323059082e-02
1.919747948646545410e+00
1.149372100830078125e+00
1.052132010459899902e+00
9.107823967933654785e-01
9.408645629882812500e-01
9.527718424797058105e-01
1.735343694686889648e+00
3.200097322463989258e+00
1.770474195480346680e+00
1.898873090744018555e+00
5.501520633697509766e-01
9.647029638290405273e-01
4.424222409725189209e-01
1.361306905746459961e+00
1.500066667795181274e-01
8.667922616004943848e-01
2.687119483947753906e+00
1.620301246643066406e+00
7.754019498825073242e-01
5.790479779243469238e-01
2.578223943710327148e-01
1.020679235458374023e+00
1.011251926422119141e+00
1.882505536079406738e+00
8.351536989212036133e-01
3.994205594062805176e-01
1.370988249778747559e+00
5.760137438774108887e-01
8.546952903270721436e-02
1.028341531753540039e+00
7.377593219280242920e-02
8.882320523262023926e-01
6.072042584419250488e-01
1.517964601516723633e+00
2.737333297729492188e+00
1.546300411224365234e+00
1.240248441696166992e+00
6.434867382049560547e-01
1.891567230224609375e+00
2.254660844802856445e+00
3.715295076370239258e+00
2.106634140014648438e+00
2.210502862930297852e+00
2.396842479705810547e+00
1.853051185607910156e+00
8.550293743610382080e-02
2.330630719661712646e-01
1.074890494346618652e+00
9.405943751335144043e-01
1.132647156715393066e+00
1.217250943183898926e+00
2.351875901222229004e-01
1.456937789916992188e+00
9.081604480743408203e-01
1.433164030313491821e-01
7.346221804618835449e-01
4.850364029407501221e-01
4.314950406551361084e-01
3.821869492530822754e-01
2.795658111572265625e+00
6.040530800819396973e-01
7.569442987442016602e-01
6.568131446838378906e-01
2.154447793960571289e+00
1.154081225395202637e+00
3.490149736404418945e+00
1.793186664581298828e-01
3.631358444690704346e-01
1.482391834259033203e+00
9.201620221138000488e-01
5.523644685745239258e-01
1.150420427322387695e+00
2.006788730621337891e+00
9.023289680480957031e-01
7.554355263710021973e-01
7.778086066246032715e-01
2.203101515769958496e-01
8.010075092315673828e-01
8.356351405382156372e-02
6.100703477859497070e-01
1.767716854810714722e-01
4.404721409082412720e-02
4.450121521949768066e-01
1.432529330253601074e+00
8.502289056777954102e-01
1.621576309204101562e+00
8.117471933364868164e-01
8.934825658798217773e-01
7.729312777519226074e-01
1.065059602260589600e-01
2.044745683670043945e-01
3.473997488617897034e-02
3.612124025821685791e-01
6.244441270828247070e-01
1.878042936325073242e+00
1.787696123123168945e+00
1.274667978286743164e-01
3.528787612915039062e+00
2.593524694442749023e+00
3.546851396560668945e+00
3.764785528182983398e+00
4.215555191040039062e+00
4.372324466705322266e+00
2.589657545089721680e+00
3.436670780181884766e+00
3.170988798141479492e+00
1.613027453422546387e+00
6.327081471681594849e-02
2.806234598159790039e+00
3.464226484298706055e+00
1.367523193359375000e+00
8.717802762985229492e-01
2.778635025024414062e+00
4.461426258087158203e+00
2.496123552322387695e+00
3.447762012481689453e+00
2.476123571395874023e+00
2.997597455978393555e+00
1.939426183700561523e+00
2.989451408386230469e+00
3.873373031616210938e+00
2.336376190185546875e+00
2.644446849822998047e+00
3.131652593612670898e+00
6.059205532073974609e-01
7.068573236465454102e-01
6.749942898750305176e-01
6.959958672523498535e-01
7.286120057106018066e-01
1.973274908959865570e-02
1.067798510193824768e-01
1.653589010238647461e-01
1.894467949867248535e+00
1.191054701805114746e+00
1.650562882423400879e+00
6.318608522415161133e-01
1.031435847282409668e+00
1.560960292816162109e+00
6.310970187187194824e-01
1.330803990364074707e+00
2.493501663208007812e+00
2.662302732467651367e+00
2.752971053123474121e-01
1.122705817222595215e+00
2.326037436723709106e-01
1.088471055030822754e+00
1.847358226776123047e+00
2.926571369171142578e+00
2.926730632781982422e+00
2.403148174285888672e+00
1.375839829444885254e+00
1.322687149047851562e+00
2.098987340927124023e+00
3.189099431037902832e-01
1.147852182388305664e+00
4.702248573303222656e-01
3.513967990875244141e-01
8.769907355308532715e-01
8.824586868286132812e-01
6.964336633682250977e-01
1.287230730056762695e+00
3.496380567550659180e+00
1.247150897979736328e+00
2.344671726226806641e+00
2.363060414791107178e-01
6.693306565284729004e-01
1.645306110382080078e+00
2.087880373001098633e+00
1.746191382408142090e+00
3.559540808200836182e-01
5.126410126686096191e-01
1.005185961723327637e+00
2.598054170608520508e+00
3.221371889114379883e+00
1.541730761528015137e+00
1.114733099937438965e+00
3.742921113967895508e+00
2.084774971008300781e+00
1.227183461189270020e+00
1.922155469655990601e-01
8.051746487617492676e-01
4.067609786987304688e+00
1.577925682067871094e+00
6.033111810684204102e-01
1.650053739547729492e+00
1.255158543586730957e+00
1.245378732681274414e+00
1.238021969795227051e+00
8.332869410514831543e-01
2.974963426589965820e+00
3.370991230010986328e+00
1.753682494163513184e-01
4.043315052986145020e-01
3.018927097320556641e+00
1.363844990730285645e+00
2.952901601791381836e+00
2.537558555603027344e+00
1.457055807113647461e+00
1.788415670394897461e+00
8.005446195602416992e-01
1.161648556590080261e-01
7.099145650863647461e-01
2.038610696792602539e+00
2.378093957901000977e+00
1.330801606178283691e+00
1.181350231170654297e+00
3.119600772857666016e+00
4.451948165893554688e+00
1.257176995277404785e+00
4.682177066802978516e+00
1.328763604164123535e+00
6.855931282043457031e-01
5.218181610107421875e+00
2.699286460876464844e+00
4.735967516899108887e-01
2.007356643676757812e+00
1.095196723937988281e+00
2.389245271682739258e+00
3.488071441650390625e+00
5.918160676956176758e-01
2.723974943161010742e+00
5.621644973754882812e+00
3.561924219131469727e+00
5.479632616043090820e-01
1.804087996482849121e+00
2.239675998687744141e+00
7.024280428886413574e-01
1.858114749193191528e-01
1.615400075912475586e+00
3.211221933364868164e+00
1.400584340095520020e+00
8.625932931900024414e-01
2.765256911516189575e-02
8.281529545783996582e-01
1.407938718795776367e+00
1.227986454963684082e+00
1.415442228317260742e-01
2.941805839538574219e+00
2.199414014816284180e+00
1.436089515686035156e+00
3.090663254261016846e-01
1.179827570915222168e+00
2.753098011016845703e+00
4.303870677947998047e+00
9.778292477130889893e-02
2.009478092193603516e+00
5.659947872161865234e+00
1.871813684701919556e-01
2.854142785072326660e-01
1.979986429214477539e+00
4.693688392639160156e+00
7.129576206207275391e+00
5.679566264152526855e-01
4.790442585945129395e-01
1.062838077545166016e+00
4.355676174163818359e+00
1.475107550621032715e+00
2.745462417602539062e+00
1.654867053031921387e+00
4.123726367950439453e+00
1.361360788345336914e+00
2.226674795150756836e+00
3.462534248828887939e-01
2.373382568359375000e+00
2.866362571716308594e+00
2.267406225204467773e+00
4.766746759414672852e-01
1.092541217803955078e+00
7.066136598587036133e-01
1.163492798805236816e+00
1.002191543579101562e+00
1.233123779296875000e+00
4.301827549934387207e-01
4.437664747238159180e-01
1.068887591361999512e+00
3.434980630874633789e+00
1.435840368270874023e+00
3.859893560409545898e+00
3.123263835906982422e+00
1.806012272834777832e+00
9.729518890380859375e-01
7.744663953781127930e-01
1.187349200248718262e+00
2.474138438701629639e-01
2.109210968017578125e+00
9.042990803718566895e-01
3.662793159484863281e+00
8.931672573089599609e-01
2.826172709465026855e-01
2.309636116027832031e+00
6.009702086448669434e-01
1.315314531326293945e+00
1.427697300910949707e+00
4.550114870071411133e-01
5.964745283126831055e-01
4.549222946166992188e+00
4.004830360412597656e+00
1.231798008084297180e-01
1.100519180297851562e+00
9.570991396903991699e-01
3.944873213768005371e-01
9.651954770088195801e-01
5.976719036698341370e-02
9.124942421913146973e-01
8.244724869728088379e-01
3.300753593444824219e+00
3.017929315567016602e+00
3.970908880233764648e+00
1.867427468299865723e+00
2.578485384583473206e-02
1.480988740921020508e+00
6.191295981407165527e-01
1.114396810531616211e+00
6.329501867294311523e-01
1.500267982482910156e+00
8.837080001831054688e-01
5.321671962738037109e+00
9.120377898216247559e-01
2.742330431938171387e-01
6.457585692405700684e-01
4.129896640777587891e+00
3.228077650070190430e+00
3.733115673065185547e+00
2.827862262725830078e+00
2.802903175354003906e+00
1.667314767837524414e+00
1.388027429580688477e+00
5.555633544921875000e+00
1.870345592498779297e+00
1.853632569313049316e+00
2.221225023269653320e+00
2.833291053771972656e+00
3.622257709503173828e+00
4.422749519348144531e+00
4.120078682899475098e-01
8.766488432884216309e-01
2.675867080688476562e+00
1.010562539100646973e+00
4.658688604831695557e-01
4.478170394897460938e+00
1.097481250762939453e+00
4.100178778171539307e-01
7.562726736068725586e-01
1.277159094810485840e+00
2.772940397262573242e-01
3.191823005676269531e+00
3.711423635482788086e+00
1.230094909667968750e+00
4.631762802600860596e-01
4.610174894332885742e-01
4.498807907104492188e+00
1.484085440635681152e+00
4.625171124935150146e-01
1.346012949943542480e+00
2.615571737289428711e+00
3.547312021255493164e+00
3.020503520965576172e+00
2.518895268440246582e-01
2.742088556289672852e+00
3.024546146392822266e+00
3.766931533813476562e+00
1.397704958915710449e+00
3.823083877563476562e+00
1.444744586944580078e+00
2.863664329051971436e-01
1.553529024124145508e+00
1.963570952415466309e+00
2.936438918113708496e-01
3.618260860443115234e+00
4.196172356605529785e-01
3.002149164676666260e-01
1.303133010864257812e+00
1.272459268569946289e+00
2.293668031692504883e+00
3.333052694797515869e-01
3.268829286098480225e-01
2.968062639236450195e+00
1.066677570343017578e-01
2.312464714050292969e-01
3.881437778472900391e+00
2.965858697891235352e+00
6.158298254013061523e-01
2.267665147781372070e+00
3.861528337001800537e-01
1.750888943672180176e+00
2.323715448379516602e+00
4.463499784469604492e-02
1.330179095268249512e+00
1.258632540702819824e+00
1.387620687484741211e+00
2.966795206069946289e+00
7.619819045066833496e-02
6.750439405441284180e-01
1.233522295951843262e+00
1.682650566101074219e+00
2.601856231689453125e+00
2.172873020172119141e+00
2.346016407012939453e+00
2.208335876464843750e+00
1.708471298217773438e+00
1.015762209892272949e+00
8.669258952140808105e-01
2.175434827804565430e+00
9.774834513664245605e-01
2.302418231964111328e+00
1.449820280075073242e+00
6.641693115234375000e-01
9.784578084945678711e-01
1.286274790763854980e+00
1.284961998462677002e-01
1.624722778797149658e-01
5.716338753700256348e-02
6.147199869155883789e-01
2.506139129400253296e-02
1.942174553871154785e+00
2.406732559204101562e+00
1.476008296012878418e+00
4.146108150482177734e+00
3.317722380161285400e-01
4.500636458396911621e-01
1.854946970939636230e+00
5.105743408203125000e+00
9.104538559913635254e-01
2.112709045410156250e+00
1.873511672019958496e+00
2.104194641113281250e+00
1.030321598052978516e+00
3.268155753612518311e-01
3.695933520793914795e-01
2.019901752471923828e+00
2.641485035419464111e-01
2.453344106674194336e+00
6.851876974105834961e-01
9.098665416240692139e-02
4.667837619781494141e+00
1.332329630851745605e+00
2.650825023651123047e+00
1.216316968202590942e-02
1.674563527107238770e+00
4.081334114074707031e+00
1.205833196640014648e+00
3.083808898925781250e+00
2.277616977691650391e+00
1.544708967208862305e+00
5.549001097679138184e-01
3.320474147796630859e+00
1.688607692718505859e+00
1.357358813285827637e+00
4.261783599853515625e+00
1.683850526809692383e+00
8.840683698654174805e-01
9.593657851219177246e-01
2.570767104625701904e-01
3.176419436931610107e-01
1.637009382247924805e+00
7.157837152481079102e-01
2.077717065811157227e+00
3.642196893692016602e+00
7.437960505485534668e-01
2.348997592926025391e+00
4.368588626384735107e-01
4.700208187103271484e+00
7.576293349266052246e-01
1.369411349296569824e+00
3.127486705780029297e+00
1.091510176658630371e+00
1.443243384361267090e+00
1.450575739145278931e-01
1.870342612266540527e+00
2.866174936294555664e+00
9.770254492759704590e-01
1.530571222305297852e+00
3.815866708755493164e+00
1.670327425003051758e+00
1.585488438606262207e+00
4.764955937862396240e-01
2.723011970520019531e+00
7.492706775665283203e-01
3.644671678543090820e+00
2.306612968444824219e+00
3.423249721527099609e+00
2.291716814041137695e+00
5.291318297386169434e-01
1.597676634788513184e+00
2.635764837265014648e+00
3.536384105682373047e+00
1.806005716323852539e+00
1.476072192192077637e+00
2.977077007293701172e+00
3.367803096771240234e+00
1.443368673324584961e+00
3.853196620941162109e+00
4.507886886596679688e+00
5.434178829193115234e+00
1.596033215522766113e+00
4.556681811809539795e-01
2.851626157760620117e+00
2.267524242401123047e+00
2.351612091064453125e+00
3.481930971145629883e+00
3.726145744323730469e+00
4.628735542297363281e+00
1.885398983955383301e+00
2.075763225555419922e+00
4.945786952972412109e+00
4.237843155860900879e-01
8.805798888206481934e-01
1.419426083564758301e+00
2.825080394744873047e+00
2.246819883584976196e-01
2.187274932861328125e+00
3.263478875160217285e-01
2.102927207946777344e+00
3.929214715957641602e+00
6.987651586532592773e-01
5.518019199371337891e+00
3.053813934326171875e+00
2.936115503311157227e+00
1.131642937660217285e+00
1.175830245018005371e+00
1.168579101562500000e+00
6.777349710464477539e-01
1.507185935974121094e+00
3.348411321640014648e+00
1.090443015098571777e+00
1.646741867065429688e+00
5.300688147544860840e-01
1.743148922920227051e+00
2.175497055053710938e+00
3.153322637081146240e-01
3.416107177734375000e+00
1.470829367637634277e+00
6.491003930568695068e-02
8.807960152626037598e-01
2.362543821334838867e+00
1.419757843017578125e+00
1.332605481147766113e+00
8.207966685295104980e-01
2.608594894409179688e+00
3.045740604400634766e+00
3.619661331176757812e+00
7.827761173248291016e-01
9.054803848266601562e-02
7.507202625274658203e-01
1.443761229515075684e+00
9.036691784858703613e-01
2.049266815185546875e+00
6.332832574844360352e-01
1.600198447704315186e-02
1.361835479736328125e+00
2.481895685195922852e+00
2.681455850601196289e+00
7.545219063758850098e-01
2.068011760711669922e+00
1.092468261718750000e+00
1.255549430847167969e+00
2.037420719861984253e-01
5.274769783020019531e+00
1.930282115936279297e+00
3.813294649124145508e+00
1.322791576385498047e+00
3.162780284881591797e+00
3.400391340255737305e+00
2.546420574188232422e+00
3.795217037200927734e+00
3.226740956306457520e-01
3.974524736404418945e+00
7.973122000694274902e-01
2.548962116241455078e+00
9.924380183219909668e-01
1.784401059150695801e+00
1.019459962844848633e+00
5.675805211067199707e-01
1.396957397460937500e+00
1.854491472244262695e+00
1.439202666282653809e+00
1.275129318237304688e+00
1.940684616565704346e-01
4.516382217407226562e+00
4.167931556701660156e+00
1.203026175498962402e+00
3.072622776031494141e+00
1.760584592819213867e+00
5.550764799118041992e-01
7.332683205604553223e-01
4.803886890411376953e+00
2.578838825225830078e+00
6.144418716430664062e-01
3.290084123611450195e+00
2.531687736511230469e+00
1.481351375579833984e+00
2.479189872741699219e+00
8.096783161163330078e-01
7.357247173786163330e-03
1.650553941726684570e-02
5.932191848754882812e+00
5.764632701873779297e+00
2.153227090835571289e+00
3.138457536697387695e+00
1.097356319427490234e+00
4.948959946632385254e-01
6.083015203475952148e-01
1.531224727630615234e+00
4.510456621646881104e-01
3.789619922637939453e+00
4.500059410929679871e-02
5.415846705436706543e-01
2.169615507125854492e+00
3.726334333419799805e+00
1.745555043220520020e+00
4.113847732543945312e+00
5.279660224914550781e-01
1.633519232273101807e-01
5.831643939018249512e-01
1.659605622291564941e+00
9.650839865207672119e-02
3.482737541198730469e+00
1.046314001083374023e+00
1.123358726501464844e+00
1.221386671066284180e+00
4.330439865589141846e-01
2.290681838989257812e+00
8.902278542518615723e-01
5.106248855590820312e-01
1.882224440574645996e+00
1.403147876262664795e-01
2.116492748260498047e+00
6.411852240562438965e-01
2.082284688949584961e-01
2.143861055374145508e+00
1.011439681053161621e+00
1.959821462631225586e+00
2.413770198822021484e+00
7.463646680116653442e-02
6.312338113784790039e-01
1.468749165534973145e+00
1.059602737426757812e+00
3.471231698989868164e+00
1.295851230621337891e+00
8.476901054382324219e-01
2.355718165636062622e-01
2.911691188812255859e+00
3.605473041534423828e+00
4.429183006286621094e-01
9.405080080032348633e-01
3.159535884857177734e+00
2.753006935119628906e+00
6.032645106315612793e-01
3.135246515274047852e+00
2.136715888977050781e+00
4.646790027618408203e+00
4.184272289276123047e+00
2.716802656650543213e-01
1.246243357658386230e+00
3.133795738220214844e+00
2.088409662246704102e+00
2.193183422088623047e+00
6.297783374786376953e+00
1.683885753154754639e-01
3.213295459747314453e+00
4.871375560760498047e-01
1.033944189548492432e-01
4.428170621395111084e-01
1.388711333274841309e-01
2.524173974990844727e+00
1.635246753692626953e+00
7.047288119792938232e-02
3.559199273586273193e-01
1.017013639211654663e-01
1.407493352890014648e+00
1.510641574859619141e+00
1.239609837532043457e+00
1.273876428604125977e+00
1.236966848373413086e+00
4.411592006683349609e+00
1.675195455551147461e+00
1.452095866203308105e+00
4.043572545051574707e-01
3.582245588302612305e+00
1.222966194152832031e+00
6.482272148132324219e-01
1.066447049379348755e-01
1.477156400680541992e+00
4.522749900817871094e+00
2.368839263916015625e+00
7.140081524848937988e-01
2.483110725879669189e-01
2.471320033073425293e-01
6.308673620223999023e-01
3.601179838180541992e+00
2.989326477050781250e+00
2.902139663696289062e+00
2.076328516006469727e+00
9.154844880104064941e-01
6.232618540525436401e-02
2.108818531036376953e+00
1.925626397132873535e-01
9.314453601837158203e-01
1.084955692291259766e+00
1.294618487358093262e+00
1.270600318908691406e+00
4.166394233703613281e+00
5.059213638305664062e+00
3.167662024497985840e-02
3.775135755538940430e+00
1.551506817340850830e-01
1.394125968217849731e-01
9.270367622375488281e-01
2.651513576507568359e+00
3.699876308441162109e+00
5.295108556747436523e-01
2.088499546051025391e+00
2.981059253215789795e-01
6.188067913055419922e+00
2.793948173522949219e+00
3.317281961441040039e+00
4.664704322814941406e+00
1.130975127220153809e+00
4.932456970214843750e+00
4.063734054565429688e+00
1.427481412887573242e+00
2.558974742889404297e+00
2.976865530014038086e+00
3.362617492675781250e+00
1.310665130615234375e+00
8.988268971443176270e-01
1.314669251441955566e+00
3.170034885406494141e-01
8.680649399757385254e-01
3.767814338207244873e-01
2.722872495651245117e+00
7.750838994979858398e-02
1.205390930175781250e+00
1.031989216804504395e+00
1.857005000114440918e+00
1.723199248313903809e+00
2.160478830337524414e+00
1.483009696006774902e+00
3.074579238891601562e+00
1.993480324745178223e+00
1.668864369392395020e+00
3.181248188018798828e+00
4.537181377410888672e+00
1.836882829666137695e+00
9.176519513130187988e-01
1.424773216247558594e+00
2.243395328521728516e+00
1.304366737604141235e-01
5.624375343322753906e-01
3.028315782546997070e+00
1.940213143825531006e-01
1.912312030792236328e+00
5.147842168807983398e-01
3.007571935653686523e+00
2.685394287109375000e+00
1.540334701538085938e+00
1.234555482864379883e+00
3.056593239307403564e-01
8.732025623321533203e-01
7.878587394952774048e-02
5.426174998283386230e-01
1.289503693580627441e+00
1.043412327766418457e+00
3.129423141479492188e+00
8.758454322814941406e-01
4.339578375220298767e-02
6.885601878166198730e-01
1.149155139923095703e+00
9.268715232610702515e-02
5.657300949096679688e-01
1.050581216812133789e+00
7.097873091697692871e-01
4.044332981109619141e+00
2.387095391750335693e-01
2.502106904983520508e+00
2.506242990493774414e+00
1.161051869392395020e+00
1.619621634483337402e+00
1.157950758934020996e-01
6.240519285202026367e-01
2.885577917098999023e+00
5.287474393844604492e-01
3.406812846660614014e-01
3.116763353347778320e+00
1.230823397636413574e+00
3.422964096069335938e+00
3.810364961624145508e+00
1.893330097198486328e+00
1.122035980224609375e-01
1.921459555625915527e+00
2.740386486053466797e+00
1.801564097404479980e+00
2.129001379013061523e+00
5.885945558547973633e-01
1.382098197937011719e+00
1.102988794445991516e-01
1.846642732620239258e+00
