2.120995521545410156e+00
1.907956957817077637e+00
1.698723912239074707e+00
3.063270568847656250e+00
4.311326980590820312e+00
6.779211521148681641e+00
7.223594188690185547e+00
4.279469698667526245e-02
3.701333522796630859e+00
3.143996715545654297e+00
2.307468891143798828e+00
1.862373828887939453e+00
1.335969567298889160e+00
2.441407203674316406e+00
2.187836408615112305e+00
2.919201850891113281e+00
2.217400789260864258e+00
6.044839024543762207e-01
1.039607077836990356e-01
7.266268134117126465e-03
4.987941265106201172e+00
3.746963739395141602e-01
6.670918464660644531e-01
8.716137409210205078e-01
1.569173216819763184e+00
4.717533111572265625e+00
2.383715867996215820e+00
2.435308694839477539e+00
7.486875057220458984e+00
5.978358983993530273e-01
4.006666660308837891e+00
1.863600730895996094e+00
4.152601718902587891e+00
5.156819343566894531e+00
3.632786989212036133e+00
4.422953128814697266e+00
4.509568691253662109e+00
3.815951108932495117e+00
2.573701620101928711e+00
4.659311175346374512e-01
1.902341127395629883e+00
6.414458155632019043e-01
1.785478353500366211e+00
3.287710547447204590e-01
1.637002944946289062e+00
3.376477003097534180e+00
1.483240872621536255e-01
2.137148380279541016e+00
1.292561590671539307e-01
4.413503646850585938e+00
5.125094890594482422e+00
9.591351747512817383e-01
2.444367885589599609e+00
1.488701820373535156e+00
3.982856750488281250e+00
1.136512875556945801e+00
3.133469820022583008e+00
1.777253150939941406e+00
6.526204109191894531e+00
2.457476139068603516e+00
4.501262664794921875e+00
3.345296621322631836e+00
3.018236637115478516e+00
9.596269130706787109e-01
9.921209216117858887e-01
4.988065719604492188e+00
3.368700981140136719e+00
2.411975860595703125e+00
2.758516311645507812e+00
2.884787559509277344e+00
1.751894712448120117e+00
2.462615013122558594e+00
5.592557787895202637e-01
1.164061069488525391e+00
1.089289903640747070e+00
2.736322402954101562e+00
1.893800258636474609e+00
1.451319336891174316e+00
2.440438508987426758e+00
4.526922225952148438e+00
2.113910913467407227e+00
7.044561386108398438e+00
3.143812656402587891e+00
8.106583356857299805e-02
3.784634470939636230e-01
4.113885402679443359e+00
3.464758396148681641e+00
8.115819692611694336e-01
1.827386379241943359e+00
2.946690320968627930e+00
1.957175970077514648e+00
2.026630163192749023e+00
1.236906886100769043e+00
4.863675117492675781e+00
2.171021699905395508e-01
4.464762210845947266e+00
3.364066600799560547e+00
1.573966741561889648e+00
3.975291848182678223e-01
7.542039453983306885e-02
8.922592550516128540e-02
1.548126459121704102e+00
5.030761957168579102e-01
6.348109722137451172e+00
3.132343292236328125e-01
6.724659800529479980e-01
2.084186077117919922e+00
9.366436958312988281e+00
8.886647224426269531e+00
6.641209602355957031e+00
1.076821231842041016e+01
3.236328363418579102e+00
6.768587589263916016e+00
4.195983886718750000e+00
7.125319957733154297e+00
9.738326072692871094e+00
9.109170913696289062e+00
2.296299934387207031e+00
5.367210388183593750e+00
6.791203498840332031e+00
3.991033077239990234e+00
5.137107372283935547e+00
2.445713281631469727e-01
1.936929821968078613e+00
4.931626319885253906e+00
5.855317115783691406e+00
7.244440078735351562e+00
1.449131727218627930e+00
3.933990955352783203e+00
1.994761228561401367e+00
1.371793150901794434e+00
4.409277141094207764e-01
8.808909654617309570e-01
1.470206737518310547e+00
1.455088615417480469e+00
1.806761622428894043e-01
2.874465703964233398e+00
1.016091227531433105e+00
7.914494872093200684e-01
1.386422395706176758e+00
2.572828054428100586e+00
3.584164977073669434e-01
2.564659714698791504e-01
2.784496247768402100e-01
3.178486347198486328e+00
1.020187497138977051e+00
1.414101004600524902e+00
2.716884911060333252e-01
2.187684297561645508e+00
8.525329828262329102e-02
2.867008209228515625e+00
7.198495864868164062e-01
1.091336250305175781e+00
3.810752391815185547e+00
2.071256041526794434e-01
2.230897426605224609e+00
1.968155503273010254e+00
4.300666451454162598e-01
1.336535573005676270e+00
1.492182314395904541e-01
1.642458558082580566e+00
1.656100749969482422e+00
3.712786734104156494e-01
1.293801188468933105e+00
4.302266240119934082e-02
1.666767716407775879e+00
8.043045401573181152e-01
4.304899573326110840e-01
1.478331446647644043e+00
1.306728124618530273e+00
9.384184479713439941e-01
6.692744493484497070e-01
8.101485967636108398e-01
3.274805843830108643e-02
8.208268284797668457e-01
4.707753062248229980e-01
1.761299371719360352e-02
9.897972941398620605e-01
1.841561913490295410e+00
3.218577504158020020e-01
1.762140989303588867e+00
4.396543502807617188e-01
5.394620895385742188e-01
8.760814666748046875e-01
1.483331441879272461e+00
1.951824426651000977e+00
5.766989588737487793e-01
1.023142784833908081e-02
5.994585156440734863e-01
2.151792526245117188e+00
8.576102852821350098e-01
1.508255720138549805e+00
3.613320112228393555e+00
7.665656208992004395e-01
1.526723504066467285e+00
1.434883475303649902e+00
1.960395455360412598e+00
2.295214653015136719e+00
1.723458290100097656e+00
1.267291903495788574e+00
8.705071210861206055e-01
2.262440681457519531e+00
1.645516633987426758e+00
5.267010688781738281e+00
2.080153226852416992e+00
7.860668003559112549e-03
9.087208658456802368e-02
2.185295581817626953e+00
9.049460887908935547e-01
3.832712650299072266e+00
2.596371173858642578e-01
1.305959939956665039e+00
3.648142576217651367e+00
2.154022455215454102e+00
2.326181530952453613e-02
2.183565378189086914e+00
2.857053041458129883e+00
2.929908037185668945e+00
2.790377378463745117e+00
2.455291032791137695e+00
1.091548085212707520e+00
1.406350970268249512e+00
3.076192855834960938e+00
4.250768125057220459e-01
2.126490116119384766e+00
3.944626450538635254e-01
1.633860111236572266e+00
2.134639769792556763e-02
1.194205045700073242e+00
3.943685889244079590e-01
1.898806244134902954e-01
9.211639761924743652e-01
1.215470731258392334e-01
2.776252031326293945e+00
6.424842029809951782e-02
8.187432885169982910e-01
4.852333664894104004e-01
3.797453343868255615e-01
3.087093234062194824e-01
7.060286998748779297e-01
1.057453751564025879e+00
2.663649916648864746e-01
5.472649633884429932e-02
3.994277715682983398e-01
1.536447644233703613e+00
1.205728054046630859e+00
5.358169674873352051e-01
8.380483388900756836e-01
6.104406714439392090e-01
4.361178725957870483e-02
1.881241917610168457e+00
9.881018400192260742e-01
2.192566871643066406e+00
2.311804890632629395e-01
1.586331367492675781e+00
5.604078173637390137e-01
3.336820900440216064e-01
2.350736618041992188e+00
1.029515743255615234e+00
1.015141487121582031e+00
2.482565045356750488e-01
9.533410072326660156e-01
2.260131359100341797e+00
3.865284681320190430e+00
1.881856441497802734e+00
2.809149026870727539e+00
1.463251590728759766e+00
4.383933544158935547e-02
2.020417690277099609e+00
2.240937232971191406e+00
2.561865806579589844e+00
2.213092148303985596e-01
1.943887710571289062e+00
1.250911355018615723e+00
1.669658660888671875e+00
1.831085085868835449e-01
2.172958254814147949e-01
1.187204599380493164e+00
3.382208049297332764e-01
4.311741352081298828e+00
2.894472122192382812e+00
2.800144553184509277e-01
2.170572996139526367e+00
1.986935377120971680e+00
7.588976025581359863e-01
1.750365138053894043e+00
3.687487125396728516e+00
3.915843725204467773e+00
4.485393166542053223e-01
2.959582090377807617e+00
9.606657028198242188e-01
1.031060338020324707e+00
1.693852782249450684e+00
9.364152550697326660e-01
1.061117529869079590e+00
4.143105447292327881e-01
9.032017588615417480e-01
2.420778751373291016e+00
1.721841096878051758e-01
3.838039338588714600e-01
6.396554708480834961e-01
9.126020073890686035e-01
3.315051794052124023e-01
4.094557464122772217e-02
4.403180480003356934e-01
2.262238264083862305e+00
6.288391947746276855e-01
3.367359042167663574e-01
4.378724992275238037e-01
1.656339526176452637e+00
7.205307483673095703e+00
1.864936590194702148e+00
2.477245032787322998e-01
7.281190156936645508e-01
3.780774354934692383e+00
2.675909042358398438e+00
3.149091005325317383e-01
1.570149421691894531e+00
8.190048933029174805e-01
1.655204534530639648e+00
2.249170303344726562e+00
1.398215174674987793e+00
2.469809770584106445e+00
6.600098609924316406e-01
1.069143176078796387e+00
9.288730025291442871e-01
2.580802202224731445e+00
5.936549663543701172e+00
5.469753742218017578e+00
9.780941009521484375e+00
1.053598880767822266e+00
1.427379608154296875e+00
2.275470048189163208e-01
2.288024902343750000e+00
8.107722401618957520e-01
2.175837755203247070e-03
1.199055761098861694e-01
4.280697345733642578e+00
6.988348960876464844e-01
2.576297283172607422e+00
3.118977069854736328e+00
1.148574948310852051e+00
1.412119746208190918e+00
4.989982843399047852e-01
3.181326866149902344e+00
4.507405757904052734e-01
1.001509651541709900e-02
2.228650093078613281e+00
2.345227956771850586e+00
1.589617848396301270e+00
3.056230545043945312e+00
1.996442794799804688e+00
8.469018936157226562e-01
1.157300829887390137e+00
3.824027061462402344e+00
1.242913961410522461e+00
3.516129016876220703e+00
4.148212909698486328e+00
7.227076888084411621e-01
8.053007125854492188e-01
4.518909931182861328e+00
1.149242758750915527e+00
3.238388299942016602e+00
1.054973155260086060e-01
2.801906168460845947e-01
1.300031781196594238e+00
2.382655143737792969e+00
3.575629234313964844e+00
3.503095865249633789e+00
3.466300964355468750e+00
2.534519672393798828e+00
1.590373992919921875e+00
3.009919404983520508e+00
8.109627664089202881e-02
2.930004119873046875e+00
3.769501209259033203e+00
2.987365961074829102e+00
1.028673887252807617e+00
9.755149483680725098e-01
1.876410603523254395e+00
2.232086896896362305e+00
2.440543413162231445e+00
1.817413449287414551e+00
1.571174502372741699e+00
2.953408956527709961e-01
2.690961122512817383e+00
2.032277584075927734e+00
1.111585497856140137e+00
2.166836500167846680e+00
1.526004314422607422e+00
6.124712944030761719e+00
5.926174163818359375e+00
9.424042701721191406e-02
3.698943376541137695e+00
4.652369976043701172e+00
2.973985910415649414e+00
5.355807304382324219e+00
5.103636741638183594e+00
3.465875625610351562e+00
3.769269943237304688e+00
3.185450077056884766e+00
2.814210891723632812e+00
4.267485618591308594e+00
8.934427499771118164e-01
4.128234863281250000e+00
2.265213966369628906e+00
1.150218099355697632e-01
3.442904949188232422e+00
2.285227775573730469e+00
9.712344408035278320e-01
2.551272153854370117e+00
8.341341018676757812e-01
2.739168405532836914e+00
3.006971120834350586e+00
2.142383575439453125e+00
5.260190963745117188e+00
5.245811462402343750e+00
6.943846344947814941e-01
2.898642778396606445e+00
7.318096160888671875e-01
2.121036529541015625e+00
6.279277801513671875e-02
3.287292003631591797e+00
1.591036081314086914e+00
1.770859479904174805e+00
1.493486762046813965e+00
2.611789941787719727e+00
3.293821215629577637e-01
9.464736580848693848e-01
2.797356605529785156e+00
2.061323165893554688e+00
1.073970913887023926e+00
3.375034332275390625e+00
1.741079330444335938e+00
1.498504042625427246e+00
5.611742287874221802e-02
2.426044225692749023e+00
6.797043085098266602e-01
1.537681519985198975e-01
5.729426860809326172e+00
1.084253311157226562e+00
2.733838081359863281e+00
3.504131317138671875e+00
1.130535721778869629e+00
2.570208787918090820e+00
2.287917137145996094e+00
1.152163028717041016e+00
4.822372436523437500e+00
5.860459804534912109e-02
3.039719581604003906e+00
3.401013612747192383e+00
1.554053544998168945e+00
2.186991453170776367e+00
3.513290882110595703e+00
1.908027887344360352e+00
3.545192480087280273e+00
2.639519453048706055e+00
1.229801654815673828e+00
2.472282409667968750e+00
1.991341829299926758e+00
3.497720718383789062e+00
2.560725927352905273e+00
2.436833143234252930e+00
2.926576614379882812e+00
8.051345348358154297e-01
2.884168386459350586e+00
4.321469306945800781e+00
7.934124767780303955e-02
2.997844696044921875e+00
1.724037647247314453e+00
1.349888563156127930e+00
1.354605913162231445e+00
2.374164819717407227e+00
3.039550304412841797e+00
2.307739496231079102e+00
1.165799260139465332e+00
2.126234054565429688e+00
4.565814018249511719e+00
1.043643474578857422e+00
1.551629543304443359e+00
2.063468933105468750e+00
1.363740324974060059e+00
4.672853469848632812e+00
1.318696260452270508e+00
2.937223434448242188e+00
2.714543819427490234e+00
5.173854827880859375e+00
2.085837602615356445e+00
2.973989963531494141e+00
1.977592468261718750e+00
9.108370542526245117e-01
9.298777580261230469e-01
7.326061725616455078e-01
1.417777776718139648e+00
1.210794925689697266e+00
7.020209431648254395e-01
1.474375963211059570e+00
1.695791482925415039e+00
2.313252449035644531e+00
7.986149191856384277e-01
2.639602661132812500e+00
2.725291490554809570e+00
3.589556217193603516e-01
1.246525764465332031e+00
4.145506620407104492e-01
4.492878317832946777e-01
3.677246093750000000e+00
4.382160186767578125e+00
2.217137575149536133e+00
1.138885736465454102e+00
2.521993637084960938e+00
4.502852439880371094e+00
1.675636053085327148e+00
2.977823495864868164e+00
1.955527544021606445e+00
6.838019490242004395e-01
7.802491784095764160e-01
3.290987968444824219e+00
9.670228362083435059e-01
2.339741706848144531e+00
1.573452353477478027e+00
1.521229147911071777e+00
1.316713690757751465e+00
2.116639375686645508e+00
3.118536174297332764e-01
4.613035023212432861e-01
4.270455360412597656e+00
3.941799163818359375e+00
2.102585077285766602e+00
2.761698722839355469e+00
2.373380184173583984e+00
2.420956611633300781e+00
3.026237785816192627e-01
1.957535266876220703e+00
1.354719996452331543e+00
2.901070356369018555e+00
3.542679786682128906e+00
1.141489505767822266e+00
1.013748049736022949e+00
2.972762584686279297e+00
2.281991481781005859e+00
3.398150205612182617e-01
1.453802585601806641e+00
7.960556149482727051e-01
3.695074796676635742e+00
1.696331024169921875e+00
3.910422086715698242e+00
2.987581968307495117e+00
3.294013977050781250e+00
1.493108868598937988e+00
4.822506904602050781e+00
2.272968769073486328e+00
2.556190967559814453e+00
2.670695066452026367e+00
1.171429991722106934e+00
2.546428203582763672e+00
2.033812105655670166e-01
1.212716937065124512e+00
2.870419502258300781e+00
5.956694483757019043e-01
2.190218210220336914e+00
3.500163078308105469e+00
4.027184963226318359e+00
5.021039009094238281e+00
3.133023738861083984e+00
1.206452488899230957e+00
3.248189449310302734e+00
2.946442365646362305e+00
7.345842123031616211e-01
1.026244312524795532e-01
1.201316118240356445e+00
3.622140407562255859e+00
1.008030533790588379e+00
4.002300262451171875e+00
4.442436218261718750e+00
3.400125980377197266e+00
3.056838035583496094e+00
5.186839699745178223e-01
2.976021170616149902e-02
1.756978511810302734e+00
1.811148643493652344e+00
2.772579431533813477e+00
4.691489934921264648e-01
4.477813243865966797e+00
5.224031209945678711e-01
2.623957157135009766e+00
1.910893440246582031e+00
1.981086254119873047e+00
1.688102602958679199e+00
1.681936979293823242e+00
3.842357873916625977e+00
5.182670593261718750e+00
3.136804580688476562e+00
2.061953067779541016e+00
3.564980983734130859e+00
5.116602897644042969e+00
6.823649406433105469e-01
3.031609058380126953e+00
2.458035230636596680e+00
6.830153465270996094e+00
1.248030662536621094e+00
1.049023389816284180e+00
3.733904123306274414e+00
3.858765363693237305e+00
2.215268850326538086e+00
1.981962919235229492e+00
1.215408205986022949e+00
1.949790358543395996e+00
7.381069660186767578e-01
5.811911821365356445e-01
5.821984410285949707e-01
2.629748344421386719e+00
4.216812133789062500e+00
3.933129787445068359e+00
3.318608999252319336e+00
1.616588830947875977e+00
1.429575324058532715e+00
7.677925825119018555e-01
1.839510083198547363e+00
2.230161190032958984e+00
1.146755695343017578e+00
2.964715719223022461e+00
1.266260027885437012e+00
1.233007788658142090e+00
4.075780391693115234e+00
1.620831012725830078e+00
2.851861238479614258e+00
2.927742004394531250e+00
1.767622232437133789e+00
2.681944370269775391e+00
1.813848614692687988e+00
4.298799633979797363e-01
1.635041832923889160e-01
5.719078183174133301e-01
4.020452797412872314e-01
3.865897417068481445e+00
4.314387738704681396e-01
1.368125319480895996e+00
3.103996038436889648e+00
3.482623815536499023e+00
2.210275650024414062e+00
1.718015313148498535e+00
2.920164108276367188e+00
4.320905208587646484e-01
9.075746536254882812e-01
1.281967520713806152e+00
1.523056983947753906e+00
1.451968908309936523e+00
2.183435678482055664e+00
3.061877250671386719e+00
3.077022552490234375e+00
7.550591230392456055e-01
3.542631387710571289e+00
5.636789202690124512e-01
1.524901032447814941e+00
1.147040009498596191e+00
2.027179002761840820e+00
1.732536315917968750e+00
3.507133424282073975e-01
4.112781524658203125e+00
1.280448198318481445e+00
4.124401569366455078e+00
3.596126794815063477e+00
2.586532115936279297e+00
8.412729501724243164e-01
3.106986761093139648e+00
2.497030258178710938e+00
3.169750213623046875e+00
3.310020208358764648e+00
7.319867610931396484e-01
3.155220031738281250e+00
1.578340530395507812e+00
5.933610796928405762e-01
2.792932033538818359e+00
2.284254789352416992e+00
3.626975536346435547e+00
2.593563795089721680e+00
1.135111570358276367e+00
2.252596616744995117e+00
3.954865217208862305e+00
6.146550774574279785e-01
3.335942506790161133e+00
4.492226839065551758e-01
4.150022029876708984e+00
3.048640251159667969e+00
2.907323598861694336e+00
1.571385622024536133e+00
3.220271110534667969e+00
3.373729467391967773e+00
7.225158214569091797e-01
1.779526948928833008e+00
4.190207481384277344e+00
2.113819837570190430e+00
1.160252094268798828e-02
1.704317927360534668e+00
9.953412413597106934e-02
1.491085529327392578e+00
2.051652193069458008e+00
3.250878095626831055e+00
5.667911767959594727e-01
4.794563293457031250e+00
2.290008217096328735e-01
4.004705429077148438e+00
6.347342729568481445e-01
2.421363353729248047e+00
3.741461753845214844e+00
2.068342685699462891e+00
3.832272291183471680e+00
9.845531582832336426e-01
2.548447608947753906e+00
1.031164526939392090e+00
1.313172578811645508e+00
1.479765057563781738e+00
4.270741462707519531e+00
1.462162733078002930e+00
2.722438335418701172e+00
1.063404083251953125e+00
3.128980636596679688e+00
1.278208732604980469e+00
7.353482246398925781e-01
1.037646889686584473e+00
2.463869094848632812e+00
1.981343626976013184e+00
2.265511512756347656e+00
2.498956203460693359e+00
2.715766429901123047e+00
1.894450664520263672e+00
2.844362974166870117e+00
7.802654743194580078e+00
9.317001700401306152e-01
3.348266184329986572e-01
1.590929508209228516e+00
5.430948257446289062e+00
1.589563846588134766e+00
3.619804382324218750e+00
8.150300979614257812e-01
4.224271774291992188e+00
1.212655305862426758e+00
1.399408817291259766e+00
1.650127053260803223e+00
2.076006650924682617e+00
4.480671882629394531e-01
2.240168333053588867e+00
1.215949892997741699e+00
1.729388236999511719e+00
4.282320499420166016e+00
1.536530971527099609e+00
1.535692691802978516e+00
1.075536489486694336e+00
1.931826949119567871e+00
1.934117913246154785e+00
3.507613658905029297e+00
3.525844335556030273e+00
2.312213182449340820e+00
3.322932243347167969e+00
1.517675966024398804e-01
1.839875459671020508e+00
1.589295268058776855e+00
2.141917228698730469e+00
4.729108810424804688e+00
9.859063029289245605e-01
1.564560890197753906e+00
5.183694958686828613e-01
3.276130676269531250e+00
4.242317199707031250e+00
2.103096246719360352e+00
2.924524784088134766e+00
1.125654458999633789e+00
7.513617277145385742e-01
1.613969087600708008e+00
1.841161131858825684e+00
1.832486867904663086e+00
1.367790818214416504e+00
2.906548976898193359e-01
1.751370579004287720e-01
6.592647433280944824e-01
2.474034786224365234e+00
2.791155338287353516e+00
2.643374204635620117e+00
4.072947978973388672e+00
2.925978660583496094e+00
1.637987732887268066e+00
1.198906660079956055e+00
2.263009071350097656e+00
6.685125231742858887e-01
3.488425493240356445e+00
2.854941129684448242e+00
3.464454784989356995e-02
1.969051718711853027e+00
3.088443040847778320e+00
2.176736116409301758e+00
9.500843882560729980e-01
3.432304382324218750e+00
3.849975824356079102e+00
1.547760128974914551e+00
2.038540124893188477e+00
1.189756512641906738e+00
1.381094455718994141e+00
6.675494670867919922e+00
1.931076645851135254e+00
1.471432209014892578e+00
2.004442453384399414e+00
3.487080335617065430e-01
3.655377030372619629e-01
1.439145207405090332e+00
6.964555978775024414e-01
2.232135057449340820e+00
1.482047677040100098e+00
6.565061211585998535e-01
3.123704791069030762e-01
3.812975645065307617e+00
9.868784546852111816e-01
3.929900228977203369e-01
4.684820652008056641e+00
2.524544954299926758e+00
5.033375740051269531e+00
2.614072263240814209e-01
4.641250610351562500e+00
4.732482433319091797e-01
1.861059188842773438e+00
1.838573694229125977e+00
1.946626663208007812e+00
4.561100304126739502e-01
4.499828338623046875e+00
1.800530791282653809e+00
2.857566833496093750e+00
2.490879774093627930e+00
1.329595088958740234e+00
2.453932285308837891e+00
2.239958286285400391e+00
1.145300745964050293e+00
2.003857851028442383e+00
1.707802891731262207e+00
2.746041297912597656e+00
4.404018402099609375e+00
1.918574452400207520e+00
8.335811495780944824e-01
1.539690792560577393e-01
1.097997307777404785e+00
2.077644109725952148e+00
1.680062264204025269e-01
1.468446969985961914e+00
3.151111304759979248e-01
6.348962783813476562e-01
7.940333485603332520e-01
8.357806205749511719e-01
1.993004798889160156e+00
9.257621169090270996e-01
3.595606088638305664e+00
1.656502336263656616e-01
3.868064880371093750e-01
7.156309485435485840e-01
3.065532922744750977e+00
2.944668292999267578e+00
1.956362009048461914e+00
5.064594745635986328e-01
4.544445514678955078e+00
5.535144805908203125e-01
2.220280885696411133e+00
2.118305712938308716e-01
2.123139858245849609e+00
1.295078098773956299e-01
2.557913303375244141e+00
2.579809665679931641e+00
3.360045671463012695e+00
1.219684123992919922e+00
3.129782438278198242e+00
2.783791065216064453e+00
3.391588687896728516e+00
4.449365615844726562e+00
1.272050619125366211e+00
4.340754508972167969e+00
2.349985122680664062e+00
1.368735432624816895e+00
4.573469638824462891e+00
4.908881664276123047e+00
1.318241834640502930e+00
5.864104270935058594e+00
3.402070760726928711e+00
3.225470781326293945e-01
3.756023883819580078e+00
2.885462999343872070e+00
3.867610216140747070e+00
9.767844080924987793e-01
6.746999621391296387e-01
2.983784675598144531e+00
1.896298050880432129e+00
1.435191780328750610e-01
2.494135618209838867e+00
3.473098039627075195e+00
3.281451225280761719e+00
8.062182664871215820e-01
5.183252096176147461e-01
4.636598527431488037e-01
2.334227085113525391e+00
1.701993465423583984e+00
7.366091012954711914e-01
2.429177522659301758e+00
4.152741432189941406e+00
2.906462669372558594e+00
2.310574948787689209e-01
1.129634082317352295e-01
3.167750358581542969e+00
6.959505081176757812e-01
7.808928489685058594e-01
1.095651149749755859e+00
2.687778234481811523e+00
8.082569837570190430e-01
1.362892270088195801e+00
3.928264856338500977e+00
2.661042451858520508e+00
1.991169214248657227e+00
1.376738429069519043e+00
2.289731979370117188e+00
1.780646681785583496e+00
4.957243800163269043e-01
3.238900184631347656e+00
2.889260292053222656e+00
2.360764980316162109e+00
1.519877076148986816e+00
1.744377970695495605e+00
5.013548731803894043e-01
8.412948846817016602e-01
3.038985967636108398e+00
1.522961497306823730e+00
1.662854254245758057e-01
4.177423715591430664e-01
3.469744920730590820e+00
5.796089172363281250e+00
2.160541057586669922e+00
1.964601039886474609e+00
4.149715423583984375e+00
3.179656028747558594e+00
4.318886756896972656e+00
3.944134116172790527e-01
5.257229804992675781e+00
3.875578165054321289e+00
1.998049020767211914e+00
3.562833786010742188e+00
8.788456916809082031e-01
5.858780071139335632e-02
9.873800873756408691e-01
2.332313954830169678e-01
4.155983328819274902e-01
8.256983160972595215e-01
7.735790014266967773e-01
8.017202615737915039e-01
4.884574413299560547e+00
1.431226134300231934e+00
3.060724399983882904e-02
7.430988550186157227e-01
2.042541742324829102e+00
5.881826281547546387e-01
2.041566610336303711e+00
1.602695107460021973e+00
2.036223173141479492e+00
8.902834653854370117e-01
3.118534088134765625e-01
1.489375084638595581e-01
1.230470895767211914e+00
4.611297607421875000e+00
8.102746963500976562e+00
5.680700778961181641e+00
2.457643508911132812e+00
3.371195077896118164e+00
6.390002727508544922e+00
3.854809999465942383e-01
3.695145547389984131e-01
1.484606862068176270e+00
9.206739068031311035e-01
1.972040414810180664e+00
4.819700717926025391e+00
1.710530638694763184e+00
6.456443786621093750e+00
4.446418285369873047e+00
2.163036823272705078e+00
2.150487422943115234e+00
1.244864583015441895e+00
1.396420598030090332e+00
3.478598117828369141e+00
4.025596141815185547e+00
1.779928684234619141e+00
7.067042589187622070e-01
4.141397774219512939e-02
2.067972421646118164e+00
2.438131809234619141e+00
1.784930825233459473e+00
2.028180360794067383e+00
4.406209945678710938e+00
1.873745203018188477e+00
1.604338407516479492e+00
7.581180572509765625e+00
4.938542366027832031e+00
5.563918113708496094e+00
4.616006374359130859e+00
3.704194545745849609e+00
7.680470466613769531e+00
4.902218818664550781e+00
6.933649182319641113e-01
2.298667669296264648e+00
